22,34
22,33
22,32
22,31
22,30
22,29
22,28
22,27
22,26
22,25
22,24
22,23
22,22
22,21
22,20
22,19
22,18
22,17
22,16
22,15
22,14
22,13
22,12
22,11
22,10
22,9
22,8
22,7
22,6
22,5
22,4
22,3
22,2
22,0
10,6
10,5
10,4
10,3
10,2
10,0
10,35
10,34
10,33
10,32
10,95
10,94
10,93
10,92
10,91
10,90
10,89
10,88
10,87
10,86
10,85
10,84
10,83
10,82
10,81
10,80
10,79
10,78
10,77
10,76
10,75
10,74
10,73
10,72
10,71
10,70
10,69
10,68
10,67
10,66
10,65
10,64
10,127
10,126
10,125
10,124
10,123
10,122
10,121
10,120
10,119
10,118
10,117
10,116
10,115
10,114
10,113
10,112
10,111
10,110
10,109
10,108
10,107
10,106
10,105
10,104
10,103
10,102
10,101
10,100
10,99
10,98
10,97
10,96
10,159
10,158
10,157
10,156
10,155
10,154
10,153
10,152
10,151
10,150
10,149
10,148
10,147
10,146
10,145
10,144
10,143
10,142
10,141
10,140
10,139
10,138
10,137
10,136
10,135
10,134
10,133
10,132
10,131
10,130
10,129
10,128
10,191
10,190
10,189
10,188
10,187
10,186
10,185
10,184
10,183
10,182
10,181
10,180
10,179
10,178
10,177
10,176
10,175
10,174
10,173
10,172
10,171
10,170
10,169
10,168
10,167
10,166
10,165
10,164
10,163
10,162
10,161
10,160
10,223
10,222
10,221
10,220
10,219
10,218
10,217
10,216
10,215
10,214
10,213
